P0_ =  [[1      0      0      0     0        ]
        [0      0.013  0      0     0        ]
        [0      0      pi^2   0     0        ]
        [0      0      0      1     0        ]
        [0      0      0      0     2.5*10^-3]];

x0_ = [0 0 0 0 0]';

C = [0 1 1 0 0];

%PD parameters
T = 72.4391;
Kpd = 0.8427; 
Td = T; 
Tf = 8.391;